-664130259,123139983826084,123140226222892
-831045038,123139983930483,123140242296916
2105746219,123139983955513,123140244725976
2004901345,123139984054381,123140253048415
1750937288,123139984761458,123140292781160
1631801827,123139984786544,123140293680985
-1779673005,123139984917237,123140299836527
529327063,123139985168065,123140507521748
-1398592109,123139985174123,123140508039251
-2076532224,123139985179301,123140508473525
432550447,123139985317129,123140514519057
434269076,123139985317390,123140514779382
208377579,123139985365295,123140517578648
2046876779,123139985385355,123140519450954
-410321914,123139985393447,123140520202060
-1575095353,123139985429754,123140522926505
1820001200,123139985496078,123140527126061
781416822,123139985538532,123140530117876
-941010516,123139985543966,123140530611920
-933363012,123139985575065,123140532428049
580477210,123139985617130,123140800137497
2124266102,123139985632745,123140801268235
-273790630,123139985678638,123140804149390
-1043382295,123139985798339,123140811278103
345464490,123139985808585,123140812466288
-1224185638,123139985832633,123140814268737
291643128,123139985867187,123140816729374
429093106,123139985921822,123140820055098
559893977,123139986046823,123140827834077
-1683643601,123139986152833,123140835424139
-702258504,123139986163393,123140836526222
1174407166,123139986185715,123140838325353
-778054557,123139986186990,123140838645002
717285908,123139986266068,123140843709616
749797298,123139986267604,123140844041880
-1359240761,123139986288037,123140845631869
-1110057871,123139986339699,123140849169094
800157210,123139986373301,123140851282024
980096619,123139986490016,123141285913470
1304049441,123139986520024,123141287219499
748456648,123139986535904,123141288065352
-653798593,123139986741650,123141295888918
394072374,123139986809337,123141350945483
1162674029,123139986861990,123141353380569
-1698843376,123139986996776,123141359575106
-862225151,123139987078321,123141363371340
985311906,123139987241110,123141369973094
-951188721,123139987304762,123141372743887
2114136589,123139987403415,123141446857336
379655202,123139987517502,123141451485728
-760078514,123139987523491,123141451910647
1741478328,123139987741850,123141460759045
339644648,123139987803223,123141463847907
103446211,123139987852179,123141465335721
-664130259,123139987946066,123141467953342
-831045038,123139987985404,123141469292170
2105746219,123139987995764,123141469696839
2004901345,123139988036504,123141470681418
1750937288,123139988292341,123141477578408
1631801827,123139988307270,123141477918714
-1779673005,123139988350627,123141479310994
529327063,123139988413638,123141481147740
-1398592109,123139988415418,123141481345614
-2076532224,123139988417199,123141481482064
432550447,123139988486654,123141483972987
434269076,123139988486911,123141484146815
208377579,123139988517192,123141484982113
2046876779,123139988534638,123141485595586
-410321914,123139988541492,123141485829388
-1575095353,123139988570221,123141486705069
1820001200,123139988619160,123141488074335
781416822,123139988659081,123141489248839
-941010516,123139988664954,123141489503044
-933363012,123139988688727,123141490230601
580477210,123139988720849,123141491311636
2124266102,123139988731511,123141491778392
-273790630,123139988768448,123141493278674
-1043382295,123139988860392,123141497238811
345464490,123139988872678,123141497740015
-1224185638,123139988894386,123141498600716
291643128,123139988931508,123141500110089
429093106,123139988976741,123141501998088
559893977,123139989102140,123141506807272
-1683643601,123139989210609,123141510682209
-702258504,123139989222979,123141511169146
1174407166,123139989245747,123141511917322
-778054557,123139989247041,123141512082405
717285908,123139989327699,123141514089915
749797298,123139989329388,123141514251736
-1359240761,123139989351723,123141514915274
-1110057871,123139989400941,123141516916286
800157210,123139989464814,123141518148136
980096619,123139989578129,123141523157103
1304049441,123139989606105,123141524533365
748456648,123139989620775,123141525560959
-653798593,123139989862264,123141531683558
394072374,123139989928996,123141737595735
1162674029,123139989981209,123141739442819
-1698843376,123139990120461,123141743925650
-862225151,123139990193182,123141746474592
985311906,123139990354157,123141751424222
-951188721,123139990409944,123141753609164
2114136589,123139990503876,123141756079807
379655202,123139990608815,123141759726356
-760078514,123139990614339,123141760088696
1741478328,123139990799011,123141766779531
339644648,123139990861518,123141768646637
103446211,123139990906826,123141770149407
-664130259,123139990996544,123141772365288
-831045038,123139991046809,123141773599671
2105746219,123139991056492,123141774133127
2004901345,123139991089304,123141775428953
1750937288,123139991354133,123142894985556
1631801827,123139991362083,123142895521327
-1779673005,123139991405822,123142897477925
529327063,123139991469210,123142899858923
-1398592109,123139991471076,123142900071926
-2076532224,123139991472724,123142900244456
432550447,123139991541530,123142902714058
434269076,123139991541740,123142902869768
208377579,123139991572437,123142903976919
2046876779,123139991590184,123142904799890
-410321914,123139991596394,123142905121281
-1575095353,123139991625971,123142906232520
1820001200,123139991679339,123142908038665
781416822,123139991714310,123142909469918
-941010516,123139991718658,123142909790787
-933363012,123139991744768,123142911083310
580477210,123139991780478,123142912813304
2124266102,123139991793244,123142913463122
-273790630,123139991831330,123142914872979
-1043382295,123139991922609,123142918351573
345464490,123139991931195,123142918822731
-1224185638,123139991949227,123142919598435
291643128,123139991983619,123142920873551
429093106,123139992035568,123142922533426
559893977,123139992153065,123143573979738
-1683643601,123139992270960,123143577054470
-702258504,123139992280034,123143577554008
1174407166,123139992298224,123143578256510
-778054557,123139992299331,123143578395078
717285908,123139992405392,123143580439419
749797298,123139992408405,123143580605945
-1359240761,123139992448765,123143581279720
-1110057871,123139992533798,123143582721662
800157210,123139992588362,123143583597790
980096619,123139992795480,123143586974663
1304049441,123139992845806,123143587847541
748456648,123139992874486,123143588424505
-653798593,123139993095162,123143593644115
394072374,123139993120118,123143595615601
1162674029,123139993139478,123143597038364
-1698843376,123139993194185,123143600581853
-862225151,123139993235559,123143602700816
985311906,123139993300000,123143606840551
-951188721,123139993323216,123143608864799
2114136589,123139993359457,123143611412001
379655202,123139993400439,123143614410519
-760078514,123139993402683,123143614699837
1741478328,123139993477169,123143619930911
339644648,123139993499468,123143621833466
103446211,123139993514365,123143623139468
-664130259,123139993549523,123143625686195
-831045038,123139993565580,123143626981871
2105746219,123139993569292,123143627411154
2004901345,123139993581896,123143628422787
1750937288,123139993685166,123143635441662
1631801827,123139993688561,123143635755014
-1779673005,123139993706031,123143637159901
529327063,123139993730771,123143639061921
-1398592109,123139993731474,123143639256651
-2076532224,123139993732096,123143639410040
432550447,123139993759017,123143641243929
434269076,123139993759116,123143641408555
208377579,123139993771182,123143642240910
2046876779,123139993777684,123143642875187
-410321914,123139993780361,123143643144224
-1575095353,123139993791820,123143644043522
1820001200,123139993812785,123143645369348
781416822,123139993826898,123143646407580
-941010516,123139993828890,123143646655322
-933363012,123139993838790,123143647372232
580477210,123139993852881,123143648422879
2124266102,123139993857392,123143648862595
-273790630,123139993872316,123144700387646
-1043382295,123139993911735,123144703416071
345464490,123139993915210,123144703858833
-1224185638,123139993923547,123144704606917
291643128,123139993936127,123144705766075
429093106,123139993954730,123144707234619
559893977,123139994009922,123144710938230
-1683643601,123139994053183,123144714078902
-702258504,123139994057935,123144714636574
1174407166,123139994067112,123144715507245
-778054557,123139994067639,123144715718677
717285908,123139994099818,123144717956415
749797298,123139994100471,123144718167782
-1359240761,123139994108990,123144718862520
-1110057871,123139994128562,123144720361362
800157210,123139994140695,123144721288864
980096619,123139994187304,123144905828739
1304049441,123139994199052,123144906540045
748456648,123139994205700,123144906974541
-653798593,123139994287296,123144912260179
394072374,123139994312371,123145343821409
1162674029,123139994331990,123145344783473
-1698843376,123139994384354,123145347023814
-862225151,123139994413940,123145348328083
985311906,123139994476481,123145351013420
-951188721,123139994500072,123145352117757
2114136589,123139994548294,123145353676650
379655202,123139994680768,123145355445283
-760078514,123139994689268,123145355637463
1741478328,123139994982562,123145358781355
339644648,123139995084297,123145359893474
103446211,123139995144452,123145360617713
-664130259,123139995277765,123145362308879
-831045038,123139995338913,123145363184840
2105746219,123139995354120,123145363456791
2004901345,123139995404561,123145364153447
1750937288,123139995802525,123145369010177
1631801827,123139995815986,123145369264896
-1779673005,123139995885357,123145370217331
529327063,123139995979546,123145371423979
-1398592109,123139995982249,123145371560932
-2076532224,123139995984939,123145371662299
432550447,123139996096081,123145373080799
434269076,123139996096530,123145373185766
208377579,123139996143067,123145373859993
2046876779,123139996169490,123145374379258
-410321914,123139996179774,123145374602937
-1575095353,123139996226271,123145375287183
1820001200,123139996303740,123145376315993
781416822,123139996359087,123145377061095
-941010516,123139996367087,123145377208703
-933363012,123139996404924,123145377720121
580477210,123139996459834,123145378430017
2124266102,123139996477854,123145378705482
-273790630,123139996537040,123145379412269
-1043382295,123139996687431,123145381089249
345464490,123139996701927,123145381315494
-1224185638,123139996732946,123145381703843
291643128,123139996783340,123145382359674
429093106,123139996855182,123145383934617
559893977,123139997042409,123145386266846
-1683643601,123139997206082,123145388273453
-702258504,123139997224558,123145388589012
1174407166,123139997259185,123145389026018
-778054557,123139997261429,123145389130383
717285908,123139997379729,123145390509067
749797298,123139997382431,123145390669050
-1359240761,123139997416154,123145391317110
-1110057871,123139997490666,123145393054253
800157210,123139997537625,123145395961197
980096619,123139997718892,123145398523768
1304049441,123139997764606,123145399172368
748456648,123139997789480,123145399573849
-653798593,123139998025262,123145404046430
394072374,123139998060452,123145405379348
1162674029,123139998089643,123145407101795
-1698843376,123139998309870,123145409434211
-862225151,123139998406730,123145410657962
985311906,123139998643622,123145413297220
-951188721,123139998732933,123145414424211
2114136589,123139998847187,123145415875321
379655202,123139999013583,123145417647449
-760078514,123139999022205,123145417856975
1741478328,123139999308380,123145421130882
339644648,123139999395836,123145422165589
103446211,123139999454414,123145422837447
-664130259,123139999584549,123145424481817
-831045038,123139999643229,123145425384343
2105746219,123139999658222,123145425662469
2004901345,123139999708118,123145426235665
1750937288,123139999958492,123145430331525
1631801827,123139999963160,123145430565671
-1779673005,123140000012403,123145431474401
529327063,123140000101525,123145432471964
-1398592109,123140000104115,123145432575448
-2076532224,123140000106679,123145432658438
432550447,123140000206676,123145433679016
434269076,123140000207094,123145433752572
208377579,123140000251084,123145434247003
2046876779,123140000276276,123145434619613
-410321914,123140000299422,123145434763642
-1575095353,123140000435204,123145435245779
1820001200,123140000613926,123145436110778
781416822,123140000773501,123145436850024
-941010516,123140000792159,123145437018639
-933363012,123140000888771,123145437490497
580477210,123140001036393,123145438162814
2124266102,123140001081761,123145438432037
-273790630,123140001228685,123145439128383
-1043382295,123140001607165,123145440781138
345464490,123140001643345,123145441067328
-1224185638,123140001720631,123145443460829
291643128,123140001834024,123145444096957
429093106,123140001930886,123145444810582
559893977,123140002060030,123145446638471
-1683643601,123140002221939,123145448317008
-702258504,123140002237301,123145448684139
1174407166,123140002267265,123145449131944
-778054557,123140002268728,123145449243857
717285908,123140002352617,123145450470338
749797298,123140002354042,123145450585211
-1359240761,123140002377594,123145450960604
-1110057871,123140002429367,123145451762903
800157210,123140002460284,123145452263969
980096619,123140002581642,123145454932853
1304049441,123140002610098,123145455727984
748456648,123140002626971,123145456201886
-653798593,123140002828659,123145459963213
394072374,123140002898884,123145461414207
1162674029,123140002946097,123145462465278
-1698843376,123140003089090,123145464955664
-862225151,123140003157692,123145466513861
985311906,123140003317277,123145469480521
-951188721,123140003383899,123145470817793
2114136589,123140003463967,123145472578222
379655202,123140003524925,123145474424536
-760078514,123140003528024,123145474592833
1741478328,123140003640014,123145476533837
339644648,123140003674744,123145477219354
103446211,123140003697951,123145477659960
-664130259,123140003748793,123145478568415
-831045038,123140003772303,123145479036220
2105746219,123140003778309,123145479180591
2004901345,123140003797384,123145479538654
1750937288,123140003952281,123145481997299
1631801827,123140003957490,123145482139592
-1779673005,123140003983205,123145482617076
529327063,123140004032486,123145483237949
-1398592109,123140004033742,123145483306198
-2076532224,123140004034730,123145483363943
432550447,123140004077130,123146704262650
434269076,123140004077276,123146704369987
208377579,123140004095071,123146704870866
2046876779,123140004105337,123146705152851
-410321914,123140004109252,123146705264189
-1575095353,123140004126964,123146705570049
1820001200,123140004157356,123146706041404
781416822,123140004177877,123146706413315
-941010516,123140004180677,123146706498945
-933363012,123140004206276,123146706752140
580477210,123140004237335,123146707126991
2124266102,123140004244912,123146707284737
-273790630,123140004301407,123146707662919
-1043382295,123140004375631,123146708557808
345464490,123140004381050,123146708726506
-1224185638,123140004392883,123146709126707
291643128,123140004411731,123146709757465
429093106,123140004439088,123146710562210
559893977,123140004506143,123146712515125
