-664130259,123486727389392,123486962126275
-831045038,123486727494743,123486979650786
2105746219,123486727510354,123486983095069
2004901345,123486727557621,123486992808118
1750937288,123486727951923,123487037124854
1631801827,123486727965315,123487038370293
-1779673005,123486728042538,123487044781017
529327063,123486728129102,123487051682379
-1398592109,123486728133037,123487052239141
-2076532224,123486728135491,123487052630382
432550447,123486728239400,123487058919049
434269076,123486728239705,123487059264194
208377579,123486728283091,123487062252924
2046876779,123486728308976,123487487652806
-410321914,123486728318505,123487488347544
-1575095353,123486728361796,123487543446781
1820001200,123486728434431,123487546678438
781416822,123486728487201,123487549040023
-941010516,123486728494059,123487549513927
-933363012,123486728530308,123487551109194
580477210,123486728581915,123487553522812
2124266102,123486728598091,123487554459865
-273790630,123486728652617,123487556929604
-1043382295,123486728792358,123487563813253
345464490,123486728805759,123487564595654
-1224185638,123486728835104,123487565918952
291643128,123486728882148,123487568215680
429093106,123486728947375,123487571381510
559893977,123486729139753,123487578438820
-1683643601,123486729291671,123487585118082
-702258504,123486729309745,123487586176397
1174407166,123486729342321,123487587623133
-778054557,123486729344255,123487587909727
717285908,123486729460264,123487592268032
749797298,123486729463184,123487592582105
-1359240761,123486729495544,123487681101921
-1110057871,123486729563032,123487684412787
800157210,123486729587939,123487686616409
980096619,123486729677566,123487694977579
1304049441,123486729700017,123487697025462
748456648,123486729712980,123487698427901
-653798593,123486729869231,123487709854066
394072374,123486729918780,123487714141541
1162674029,123486729956238,123487717405370
-1698843376,123486730104233,123487797015555
-862225151,123486730187345,123487802668051
985311906,123486730364575,123487814588611
-951188721,123486730430368,123487819422512
2114136589,123486730527842,123487826257868
379655202,123486730629472,123487833968029
-760078514,123486730635037,123487834661609
1741478328,123486730819792,123487847884496
339644648,123486730873763,123487852214997
103446211,123486730912861,123487854806490
-664130259,123486731036756,123487861122965
-831045038,123486731069570,123488945366097
2105746219,123486731078445,123488946054907
2004901345,123486731108869,123488947337765
1750937288,123486731354064,123488955845604
1631801827,123486731362281,123488956261905
-1779673005,123486731406495,123488957932423
529327063,123486731466978,123488960262533
-1398592109,123486731469023,123488960558290
-2076532224,123486731470645,123488960771969
432550447,123486731532909,123488962826089
434269076,123486731533150,123488963058957
208377579,123486731562756,123488963969638
2046876779,123486731579253,123488964612455
-410321914,123486731586128,123488964892692
-1575095353,123486731613070,123488965778909
1820001200,123486731662063,123488967179934
781416822,123486731697762,123488968289871
-941010516,123486731702990,123488968570705
-933363012,123486731728688,123488969404816
580477210,123486731765544,123488970610298
2124266102,123486731777134,123489255888991
-273790630,123486731815434,123489258217063
-1043382295,123486731910144,123489262528340
345464490,123486731919562,123489263169401
-1224185638,123486731940625,123489264201839
291643128,123486731974528,123489265819053
429093106,123486732031365,123489267859697
559893977,123486732140945,123489272890703
-1683643601,123486732250887,123489277688648
-702258504,123486732262395,123489278464902
1174407166,123486732283858,123489279559299
-778054557,123486732285225,123489279831626
717285908,123486732367823,123489283184450
749797298,123486732369522,123489283519707
-1359240761,123486732392019,123489284524993
-1110057871,123486732442708,123489286681078
800157210,123486732473767,123489287990668
980096619,123486732588392,123489454254103
1304049441,123486732619528,123489455839354
748456648,123486732635676,123489456891369
-653798593,123486732874938,123489465973030
394072374,123486732936657,123489469175425
1162674029,123486732988319,123489471633052
-1698843376,123486733120820,123489477438696
-862225151,123486733196601,123489481105319
985311906,123486733309144,123489488242962
-951188721,123486733342963,123489490938862
2114136589,123486733393728,123489495231676
379655202,123486733453045,123489499705369
-760078514,123486733456022,123489500304782
1741478328,123486733563551,123489885292109
339644648,123486733596573,123489886714294
103446211,123486733618216,123489888029722
-664130259,123486733667657,123489889693344
-831045038,123486733690691,123489890461000
2105746219,123486733696082,123489890717565
2004901345,123486733714147,123489891352429
1750937288,123486733996916,123489894937984
1631801827,123486734017363,123489895224572
-1779673005,123486734043322,123489896012396
529327063,123486734079366,123489896990435
-1398592109,123486734080393,123489897143656
-2076532224,123486734081355,123489897258411
432550447,123486734120143,123489898362284
434269076,123486734120284,123489898497667
208377579,123486734138162,123489898991016
2046876779,123486734148229,123489899363947
-410321914,123486734151973,123489899529772
-1575095353,123486734167774,123489900086917
1820001200,123486734211755,123489900909614
781416822,123486734236870,123489901605770
-941010516,123486734239845,123489901904157
-933363012,123486734253726,123489903043914
580477210,123486734274130,123489904174032
2124266102,123486734280925,123489904563859
-273790630,123486734302367,123489905315715
-1043382295,123486734356963,123489906812203
345464490,123486734362318,123489907092510
-1224185638,123486734374241,123489907452269
291643128,123486734392778,123489907993391
429093106,123486734418819,123489908681300
559893977,123486734484842,123489910339345
-1683643601,123486734545911,123489912338432
-702258504,123486734552440,123489912675897
1174407166,123486734564514,123489913074835
-778054557,123486734565369,123489913185761
717285908,123486734609626,123489914245849
749797298,123486734610547,123489914370827
-1359240761,123486734623177,123489914748189
-1110057871,123486734650680,123489915613609
800157210,123486734668540,123489916174663
980096619,123486734732866,123489917948883
1304049441,123486734749403,123489918471613
748456648,123486734758071,123489918797008
-653798593,123486734873843,123489921535018
394072374,123486734908698,123489922603768
1162674029,123486734937443,123489923394564
-1698843376,123486735043482,123489925324413
-862225151,123486735163647,123489926484186
985311906,123486735417826,123489928707869
-951188721,123486735457000,123489929662600
2114136589,123486735509698,123489930964205
379655202,123486735568463,123489932497249
-760078514,123486735571547,123489932717142
1741478328,123486735677824,123489935436956
339644648,123486735709695,123489936543503
103446211,123486735731376,123489937213414
-664130259,123486735781044,123489938571021
-831045038,123486735803712,123489939270738
2105746219,123486735809015,123489939571302
2004901345,123486735834652,123489940211971
1750937288,123486736076845,123489943668223
1631801827,123486736084704,123489943922779
-1779673005,123486736126510,123489944660230
529327063,123486736183400,123489945594014
-1398592109,123486736185345,123489945726027
-2076532224,123486736186886,123489945843755
432550447,123486736252288,123489946861880
434269076,123486736252519,123489946980077
208377579,123486736282799,123489947441914
2046876779,123486736299023,123489947779854
-410321914,123486736305828,123489947936548
-1575095353,123486736331528,123489948404731
1820001200,123486736376652,123489949100416
781416822,123486736412920,123489949644064
-941010516,123486736417714,123489949793485
-933363012,123486736439102,123489950220692
580477210,123486736473723,123489950788158
2124266102,123486736484377,123489951100710
-273790630,123486736520299,123489951665396
-1043382295,123486736618562,123489953096952
345464490,123486736628027,123489953338853
-1224185638,123486736648053,123489953678196
291643128,123486736680372,123489954192264
429093106,123486736727482,123489954986149
559893977,123486736839495,123491473067979
-1683643601,123486736942200,123491474759949
-702258504,123486736952203,123491475141063
1174407166,123486736972614,123491475582408
-778054557,123486736973989,123491475687786
717285908,123486737058640,123491476438828
749797298,123486737060356,123491476524119
-1359240761,123486737081176,123491476773031
-1110057871,123486737131253,123491477296880
800157210,123486737163381,123491477627549
980096619,123486737234162,123491478820141
1304049441,123486737250332,123491479158719
748456648,123486737259622,123491479365308
-653798593,123486737376646,123491481030299
394072374,123486737413733,123492152752892
1162674029,123486737441651,123492153402130
-1698843376,123486737516737,123492154726694
-862225151,123486737557745,123492155565245
985311906,123486737646664,123492157139095
-951188721,123486737680773,123492157920732
2114136589,123486737730156,123492158967574
