-664130259,123548644656221,123549248667793
-831045038,123548644781343,123549264888661
2105746219,123548644811797,123549268042706
2004901345,123548644902933,123549276161392
1750937288,123548645712894,123549407888896
1631801827,123548645743099,123549409378358
-1779673005,123548645881848,123549415982573
529327063,123548646076161,123549486852598
-1398592109,123548646087756,123549487303386
-2076532224,123548646092419,123549487693597
432550447,123548646309648,123549496982243
434269076,123548646310243,123549497409387
208377579,123548646409424,123549503880978
2046876779,123548646460714,123549505877629
-410321914,123548646481571,123549506564944
-1575095353,123548646589307,123549509438863
1820001200,123548646749616,123549561326681
781416822,123548646862397,123549564284857
-941010516,123548646885274,123549564879527
-933363012,123548646919465,123549567492451
580477210,123548646974089,123549570578658
2124266102,123548646993123,123549571735238
-273790630,123548647062325,123549575047107
-1043382295,123548647207689,123549582613487
345464490,123548647218450,123549585936890
-1224185638,123548647250410,123549587574536
291643128,123548647297990,123549590328978
429093106,123548647362638,123549593723240
559893977,123548647548051,123549602348054
-1683643601,123548647706626,123549610401239
-702258504,123548647726439,123549611644489
1174407166,123548647755932,123549613431156
-778054557,123548647759945,123549613747770
717285908,123548647881748,123549619694008
749797298,123548647884944,123549620068176
-1359240761,123548647914975,123549621853470
-1110057871,123548647980031,123549627055020
800157210,123548648025463,123549629362751
980096619,123548648191814,123549638254087
1304049441,123548648236844,123549640469950
748456648,123548648261600,123549641933464
-653798593,123548648560469,123549655865276
394072374,123548648639794,123549660994661
1162674029,123548648701162,123549664734121
-1698843376,123548648853756,123549674385825
-862225151,123548648939733,123549680006462
985311906,123548649137615,123549690948888
-951188721,123548649204897,123549695374473
2114136589,123548649303647,123549701830193
379655202,123548649421074,123549709180855
-760078514,123548649426564,123549709807269
1741478328,123548649646335,123549725875181
339644648,123548649712275,123549731367339
103446211,123548649752196,123549735037563
-664130259,123548649847548,123549742203504
-831045038,123548649889800,123549745559890
2105746219,123548649899260,123549746644727
2004901345,123548649938815,123549749435986
1750937288,123548650240550,123549768642652
1631801827,123548650250072,123549769463302
-1779673005,123548650319484,123549998046361
529327063,123548650390641,123550002542863
-1398592109,123548650392399,123550002888375
-2076532224,123548650394208,123550003201430
432550447,123548650473408,123550010972092
434269076,123548650473991,123550011331467
208377579,123548650515671,123550012985015
2046876779,123548650533782,123550014326478
-410321914,123548650539990,123550014838316
-1575095353,123548650570879,123550016601649
1820001200,123548650625970,123550019322785
781416822,123548650664239,123550021345120
-941010516,123548650672473,123550021770973
-933363012,123548650698592,123550023293082
580477210,123548650736813,123550025205361
2124266102,123548650755868,123550025982347
-273790630,123548650804297,123550028018352
-1043382295,123548650906760,123550032910586
345464490,123548650918694,123550033755055
-1224185638,123548650941553,123550034856926
291643128,123548650977118,123550036636190
429093106,123548651041685,123550038933343
559893977,123548651174670,123550045249851
-1683643601,123548651304713,123550050462564
-702258504,123548651316455,123550051563983
1174407166,123548651342255,123550052931534
-778054557,123548651343690,123550054283248
717285908,123548651430996,123550058730789
749797298,123548651432268,123550059077705
-1359240761,123548651454027,123550060227165
-1110057871,123548651507575,123550062754828
800157210,123548651576294,123550064202940
980096619,123548651698897,123550070013497
1304049441,123548651743268,123550072789050
748456648,123548651758466,123550073723516
-653798593,123548651986631,123550081908728
394072374,123548652070701,123550084982358
1162674029,123548652126964,123550087151059
-1698843376,123548652272906,123550092289683
-862225151,123548652354827,123550095312700
985311906,123548652535344,123550101420643
-951188721,123548652609510,123550103948281
2114136589,123548652722580,123550107360429
379655202,123548652871120,123550111249934
-760078514,123548652875799,123550111654154
1741478328,123548653091268,123550120266755
339644648,123548653166504,123550123082022
103446211,123548653212069,123551785610542
-664130259,123548653307010,123551787548624
-831045038,123548653350000,123551788400466
2105746219,123548653358857,123551788698142
2004901345,123548653395287,123551789333398
1750937288,123548653678129,123551795140529
1631801827,123548653686035,123551795432399
-1779673005,123548653741193,123551796328340
529327063,123548653811398,123551797591600
-1398592109,123548653813151,123551797759142
-2076532224,123548653814919,123551797883475
432550447,123548653891912,123551799558830
434269076,123548653892127,123551799701281
208377579,123548653924742,123551800513835
2046876779,123548653941641,123552224048129
-410321914,123548653950752,123552224313671
-1575095353,123548653983198,123552224924300
1820001200,123548654051249,123552294184963
781416822,123548654090392,123552295124023
-941010516,123548654095030,123552295434912
-933363012,123548654123762,123552296603170
580477210,123548654162039,123552297734687
2124266102,123548654176258,123552298148393
-273790630,123548654217733,123552298781198
-1043382295,123548654336030,123552300338658
345464490,123548654346702,123552300598253
-1224185638,123548654364794,123552300989060
291643128,123548654406655,123552301542378
429093106,123548654454284,123552302237256
559893977,123548654593211,123552303908299
-1683643601,123548654713565,123552305527591
-702258504,123548654725876,123552305829135
1174407166,123548654750850,123552306209963
-778054557,123548654752090,123552306301282
717285908,123548654843403,123552307382429
749797298,123548654844822,123552307508099
-1359240761,123548654870045,123552879309512
-1110057871,123548654928901,123552880090021
800157210,123548654963327,123552880603505
980096619,123548655103942,123552882515138
1304049441,123548655140242,123552882991269
748456648,123548655158853,123552883312747
-653798593,123548655398008,123552885810752
394072374,123548655470262,123552886850185
1162674029,123548655523536,123552887598141
-1698843376,123548655659721,123552889326307
-862225151,123548655717227,123552890362306
985311906,123548655855503,123552892417734
-951188721,123548655902717,123552893295875
2114136589,123548655986147,123552894491935
379655202,123548656084283,123552895908442
-760078514,123548656087690,123552896112628
1741478328,123548656241698,123552898507896
339644648,123548656319411,123552899394726
103446211,123548656348883,123552900058912
-664130259,123548656427672,123552901227177
-831045038,123548656464990,123552901845864
2105746219,123548656473922,123552902066704
2004901345,123548656498406,123552902542661
1750937288,123548656714181,123552905909381
1631801827,123548656722420,123552906149731
-1779673005,123548656754972,123552906808739
529327063,123548656803361,123552907673674
-1398592109,123548656804521,123552907784170
-2076532224,123548656805847,123552907876407
432550447,123548656863949,123552908776194
434269076,123548656864170,123552908864100
208377579,123548656889301,123552909284393
2046876779,123548656901947,123552909596283
-410321914,123548656908629,123552909734007
-1575095353,123548656934652,123552910146642
1820001200,123548656976083,123552910815550
781416822,123548657014471,123552911348423
-941010516,123548657018600,123552911482127
-933363012,123548657039714,123552911839715
580477210,123548657069248,123552912359406
2124266102,123548657081077,123552912587148
-273790630,123548657114080,123552913124665
-1043382295,123548657194211,123552914337840
345464490,123548657203120,123552914541650
-1224185638,123548657221582,123552914840469
291643128,123548657248847,123552915314289
429093106,123548657286139,123552915907081
559893977,123548657379784,123552917530253
-1683643601,123548657470125,123552919200555
-702258504,123548657480125,123552919684718
1174407166,123548657502375,123552920217544
-778054557,123548657504583,123552920343526
717285908,123548657574089,123552921330633
749797298,123548657575053,123552921450509
-1359240761,123548657592470,123552921777204
-1110057871,123548657635654,123552922444031
800157210,123548657663570,123552922869421
980096619,123548657756445,123552924381751
1304049441,123548657780046,123552924811921
748456648,123548657792840,123552925095491
-653798593,123548657963180,123552927468084
394072374,123548658027917,123552928384949
1162674029,123548658069765,123552929081370
-1698843376,123548658180608,123552930697332
-862225151,123548658244089,123552931689113
985311906,123548658381394,123552933600775
-951188721,123548658430331,123552934455206
2114136589,123548658499635,123552935658719
379655202,123548658589615,123552937193974
-760078514,123548658595357,123552937390993
1741478328,123548658766512,123552940059775
339644648,123548658810752,123552941406034
103446211,123548658847340,123552942041655
-664130259,123548658915094,123552943119753
-831045038,123548658946937,123552943679624
2105746219,123548658956092,123552943870751
2004901345,123548658978898,123552944439870
1750937288,123548659192926,123552947530521
1631801827,123548659203045,123552947755958
-1779673005,123548659239924,123552948349698
529327063,123548659285669,123553807861137
-1398592109,123548659286717,123553808030252
-2076532224,123548659287756,123553808141348
432550447,123548659342327,123553809408472
434269076,123548659342493,123553809528577
208377579,123548659365268,123553810099205
2046876779,123548659380569,123553810785031
-410321914,123548659384657,123553811063765
-1575095353,123548659408426,123553811900788
1820001200,123548659450649,123553813108016
781416822,123548659474194,123553813851293
-941010516,123548659481972,123553814030921
-933363012,123548659500120,123553814540924
580477210,123548659529590,123553815236070
2124266102,123548659539589,123553815516631
-273790630,123548659581001,123553816260115
-1043382295,123548659681008,123553817814901
345464490,123548659690233,123553818143746
-1224185638,123548659705181,123553818498749
291643128,123548659731621,123553819065034
429093106,123548659775451,123553819967181
559893977,123548659867632,123553821941541
